0,278
0,448
0,319
0,315
0,474
494,3
494,2
494,1
494,0
0,273
0,270
493,35
3,2
3,1
3,3
10,247
10,79
10,99
10,89
10,187
10,219
10,83
9,5
8,16
8,18
8,6
8,17
8,7
8,2
8,3
492,3
492,2
492,1
492,0
487,3
487,1
461,11
461,6
461,4
461,3
461,2
461,1
461,0
434,3
434,1
347,10
347,3
347,2
347,1
315,3
315,1
309,3
309,1
237,4
237,3
237,1
222,6
222,4
222,3
222,1
157,3
157,1
91,3
91,1
90,3
90,1
89,3
89,1
84,3
84,1
82,3
82,1
79,3
79,1
20,3
20,2
20,1
19,3
19,2
19,1
18,3
18,1
14,7
14,6
14,5
14,1
14,3
12,3
13,1
12,2
13,3
12,1
11,29
11,28
11,27
11,26
11,25
11,24
11,23
11,22
11,21
11,20
11,19
11,18
11,17
11,16
11,15
11,14
11,13
11,12
11,11
11,10
11,9
11,8
11,7
11,6
11,5
11,4
